91
117 377
17 937
56 446
125 180
57 888
145 349
129 660
34 337
157 343
86 207
82 714
91 322
24 820
56 722
129 940
116 941
144 706
147 128
99 985
127 921
137 423
64 397
10 631
177 293
75 673
165 626
24 223
80 641
143 899
92 299
31 525
131 210
82 820
117 733
56 995
79 380
76 274
93 851
164 861
69 580
39 994
138 622
178 505
34 962
41 327
152 945
21 203
171 785
68 843
155 529
38 873
5 959
65 37
15 754
109 304
156 134
61 891
81 568
71 369
120 501
111 789
54 250
61 304
52 364
18 254
177 687
128 153
39 976
21 158
110 437
63 415
148 461
119 29
104 51
87 557
171 795
2 700
146 40
83 429
116 501
146 648
27 160
88 536
27 340
173 216
108 505
144 50
101 286
46 344
140 178
117 239
